normMean = [0.5956642  0.59527475 0.5951026 ]
normstdevs = [0.29826754 0.29836676 0.29833883]